49
111
1
1
2
169
2
65
1
46
16
7
39
1
15
140
48
20
3
34
147
6
8
146
2
1
1
1
243
22
84
1
1
25
129
1
1
163
1
1
227
12
3
8
41
2
1
2
87
10
3
220
19
2
5
3
17
3
224
8
16
1
20
4
53
3
11
1
7
37
9
2
4
10
48
1
1
1
21
3
9
11
104
34
1
18
1
3
245
1
2
149
3
16
1
42
4
40
1
81
4
2
11
14
41
3
37
31
54
10
141
14
14
1
119
160
1
1
1
3
20
3
29
6
1
5
1
28
4
75
20
61
6
20
1
1
68
1
1
5
184
18
1
1
3
8
2
5
37
163
4
10
6
1
63
35
269
1
1
170
14
36
19
3
63
12
1
6
1
17
3
37
2
6
5
10
9
8
1
21
151
49
7
1
6
2
2
84
48
4
5
4
81
1
45
2
1
6
2
6
1
2
8
15
1
12
2
109
1
31
6
68
1
13
2
8
1
1
3
1
11
1
4
12
14
220
2
19
10
2
2
3
5
7
2
21
1
1
23
8
30
12
122
226
34
16
11
11
2
1
1
2
135
1
2
3
1
174
29
1
192
3
11
1
3
1
1
1
184
1
1
7
2
1
11
10
1
22
2
1
1
236
2
4
5
1
1
1
2
2
2
1
3
3
1
4
13
10
1
3
9
80
1
86
31
7
208
2
113
1
1
144
3
3
11
1
8
5
5
6
22
3
1
10
81
5
1
10
3
67
5
1
1
9
13
156
6
1
1
1
43
17
30
18
49
15
278
26
37
6
1
11
23
196
15
163
8
2
256
1
1
241
14
2
98
9
2
5
14
15
4
1
7
1
6
15
1
1
3
7
2
56
43
2
10
10
9
3
14
18
1
1
54
147
10
12
12
36
3
14
3
91
2
154
3
71
1
1
42
7
26
205
274
31
1
11
5
10
92
6
1
1
1
43
2
1
1
1
1
1
80
1
4
68
24
25
3
3
4
69
5
54
10
24
1
37
9
237
4
29
13
23
24
2
1
1
6
81
2
1
3
63
1
2
4
1
3
14
5
1
1
5
156
1
3
12
4
1
7
182
4
105
7
11
3
1
5
2
1
4
5
20
2
3
1
4
14
70
2
89
7
102
19
1
1
43
2
26
17
1
111
3
2
23
1
175
44
1
5
31
1
8
2
3
57
27
2
153
1
7
1
1
34
33
3
19
16
2
7
14
2
1
173
14
6
4
199
24
1
9
35
8
277
3
13
4
89
1
88
3
3
12
1
58
274
2
12
63
1
3
3
89
81
3
226
1
101
2
1
7
1
119
27
4
30
33
3
2
4
1
42
52
12
8
3
110
29
28
2
21
112
281
78
30
4
2
111
2
180
50
5
1
1
1
4
5
3
1
1
19
5
1
3
19
1
53
69
2
40
2
3
4
2
6
39
3
11
5
4
2
3
21
1
51
4
1
171
3
1
2
1
1
12
16
1
19
33
1
1
5
2
13
1
1
16
24
2
13
1
4
6
299
31
6
1
1
2
1
18
1
84
24
1
1
4
5
20
4
2
1
296
2
1
1
7
38
158
1
1
1
27
107
74
1
5
8
4
56
2
2
3
79
190
4
6
33
3
30
8
10
26
2
41
8
4
1
18
1
6
32
4
54
7
1
2
1
1
172
7
15
64
6
22
58
39
232
71
2
1
3
178
1
2
2
4
3
1
2
1
1
1
4
2
5
3
1
2
14
4
1
34
62
1
16
11
210
6
9
17
26
104
1
115
1
1
1
33
86
2
5
65
21
1
49
1
1
1
24
10
12
18
1
3
4
6
3
2
2
7
22
1
1
3
4
1
1
126
4
1
1
11
33
1
11
11
1
1
47
1
1
63
3
1
16
6
4
2
2
213
1
8
5
1
34
3
2
128
3
53
3
269
260
23
1
1
1
1
142
15
1
1
19
6
1
1
1
10
2
1
9
41
14
2
3
1
220
260
3
1
1
15
1
1
2
1
3
1
2
18
2
2
2
1
1
263
5
2
12
2
50
2
37
1
22
127
3
153
18
53
2
3
2
1
1
2
46
3
8
2
1
61
212
1
6
272
5
15
198
18
1
33
11
30
10
22
2
1
3
13
144
3
1
1
32
2
6
1
2
1
30
1
53
18
8
35
1
1
33
8
1
12
1
50
2
237
14
40
6
4
11
129
240
106
132
6
58
233
1
1
2
165
6
2
1
1
146
8
2
4
1
1
36
19
9
3
4
6
1
1
1
4
2
133
133
1
131
80
2
12
1
9
3
44
6
1
7
99
3
1
1
213
1
44
2
86
13
204
7
1
121
13
2
8
29
6
6
7
130
6
6
2
128
53
4
11
1
3
1
11
107
28
1
10
1
1
1
2
96
5
1
53
19
1
1
2
44
5
1
1
12
1
1
70
167
15
7
14
1
17
1
6
2
86
34
2
23
5
1
54
1
128
38
2
8
18
1
50
1
93
47
2
19
1
10
186
3
1
4
9
1
178
3
22
5
12
1
8
19
73
1
1
3
1
100
4
12
10
15
1
1
3
2
1
110
1
1
69
2
3
2
3
1
1
54
2
1
3
2
4
90
2
150
2
71
2
16
20
247
1
1
1
193
28
2
41
3
14
4
9
7
9
14
1
20
1
1
2
5
95
1
4
55
3
4
1
1
8
1
37
1
118
9
1
68
246
1
1
1
2
2
1
2
8
35
1
110
2
1
8
100
3
1
13
15
3
2
4
5
12
36
131
2
126
1
2
1
1
18
18
11
1
1
15
2
6
12
1
1
3
8
1
74
4
1
2
1
2
14
1
159
83
9
287
10
26
195
4
1
2
167
70
41
13
2
137
1
1
15
110
1
1
14
1
1
18
8
4
113
2
7
1
300
3
16
1
189
1
1
50
73
29
12
1
18
1
3
1
2
7
21
22
3
4
1
21
111
1
1
1
1
6
8
7
9
201
91
2
1
85
20
2
1
2
1
217
82
2
1
24
4
1
34
123
2
3
3
1
12
233
9
96
9
147
1
68
4
3
7
2
3
29
239
97
47
1
1
2
17
6
19
239
2
1
22
55
11
49
27
10
252
30
2
294
31
1
1
4
148
127
1
91
1
2
9
12
7
93
69
4
3
16
67
14
9
8
2
224
6
13
3
1
111
1
8
160
2
10
4
186
1
5
18
7
1
12
2
24
6
52
36
14
1
67
1
1
6
34
2
6
1
1
30
2
2
6
3
8
4
4
7
1
1
62
16
4
3
121
3
49
136
137
4
2
3
103
124
6
13
5
1
58
5
23
1
1
4
2
4
221
2
1
266
3
26
9
1
3
40
1
14
62
49
2
24
9
2
95
1
61
25
2
29
59
1
15
1
68
1
9
22
1
2
7
8
1
5
135
1
5
1
14
8
8
2
7
5
1
55
3
4
1
1
1
1
1
1
1
2
25
4
14
1
98
1
18
10
2
24
2
40
170
21
2
15
79
19
1
2
18
257
2
7
297
166
21
1
1
28
48
7
1
2
20
1
5
101
41
106
3
1
1
27
4
2
93
12
30
80
33
1
44
70
53
1
5
136
23
2
22
1
1
2
7
132
4
3
1
206
1
2
5
20
14
2
33
4
1
91
6
2
1
1
1
4
28
30
169
7
158
9
141
16
74
1
125
83
11
8
31
1
1
210
10
1
48
11
2
2
1
166
1
52
5
11
2
29
4
33
1
20
2
3
25
18
1
185
5
6
2
1
44
291
291
17
3
2
1
2
4
34
91
89
22
145
1
1
6
23
3
1
15
8
4
27
2
3
85
10
28
68
61
19
1
1
1
1
121
4
5
7
22
1
27
10
45
12
4
132
109
6
1
14
29
67
59
102
3
1
38
4
5
5
4
5
3
10
99
1
3
6
6
48
24
98
1
1
2
26
237
1
3
10
3
36
1
2
1
110
31
2
2
4
61
32
108
7
112
1
1
2
1
113
107
1
2
2
1
1
1
10
1
4
3
14
8
286
55
21
1
2
29
1
2
98
1
1
6
8
7
3
1
28
44
22
47
18
1
3
2
5
18
72
1
197
11
17
1
30
6
108
1
5
12
41
8
1
7
2
190
6
1
4
1
4
117
2
19
12
75
59
1
1
6
208
19
2
6
91
6
1
1
1
5
18
9
13
1
84
170
3
23
5
1
1
1
1
1
2
6
4
7
17
1
3
17
3
13
1
2
1
5
1
83
8
21
238
31
7
1
1
2
3
146
2
103
1
2
1
2
6
8
3
2
41
26
1
1
3
6
7
87
5
1
12
70
193
15
19
176
27
41
2
7
26
96
160
14
1
6
1
3
30
26
3
4
5
186
1
2
43
31
47
8
7
6
5
1
15
59
1
6
52
11
4
1
199
2
15
4
1
18
2
56
1
17
23
1
3
79
11
3
7
5
1
1
37
1
121
42
12
56
53
1
2
17
1
240
1
17
2
1
4
4
19
182
21
1
1
4
2
28
1
1
106
2
7
1
1
1
2
7
1
2
1
4
2
6
17
153
1
5
1
1
1
3
1
32
4
1
1
33
5
1
3
189
17
9
20
160
48
11
29
1
2
3
1
1
1
2
33
1
7
101
264
101
1
1
3
6
5
1
3
1
20
35
1
3
1
265
29
12
103
38
2
3
10
1
2
1
291
163
10
46
1
1
1
1
1
4
4
1
60
1
1
1
1
1
13
2
2
8
1
1
13
23
115
4
3
1
2
3
90
35
299
164
195
57
2
2
82
29
10
1
3
180
108
2
264
9
2
11
1
3
6
154
3
4
137
19
29
1
2
1
10
7
22
24
22
1
2
37
1
2
5
74
1
29
111
199
11
1
1
94
1
40
32
2
1
7
1
3
1
7
11
1
1
1
34
3
6
1
1
1
5
1
66
3
17
21
8
65
4
162
1
1
27
23
1
12
1
1
1
29
2
23
21
102
14
5
4
24
18
26
18
142
23
2
1
76
1
47
1
1
1
13
2
1
13
2
1
167
3
1
1
36
11
27
110
189
3
240
3
1
3
2
3
10
107
22
3
1
11
1
2
1
42
5
135
12
35
20
1
24
12
1
131
273
8
114
1
13
185
49
87
1
3
3
2
174
11
19
11
2
8
4
23
3
27
3
49
2
1
3
90
33
19
28
34
161
3
187
1
13
4
268
2
182
2
13
8
44
1
32
1
1
1
49
6
156
42
46
168
8
1
1
3
1
50
1
3
1
1
15
20
1
10
3
6
12
1
1
2
60
238
2
1
1
9
1
66
11
8
1
1
31
4
28
9
112
4
168
97
1
4
11
64
8
5
1
14
1
71
36
133
4
1
2
2
2
4
225
83
2
2
8
40
126
2
3
1
29
1
1
12
25
2
1
4
13
20
21
8
11
12
152
3
1
2
2
26
110
32
3
1
26
1
1
13
1
9
1
7
47
3
1
195
15
5
8
3
52
33
1
76
1
1
39
31
46
155
3
1
230
1
1
1
1
100
4
3
2
11
1
2
18
6
2
1
11
5
2
1
3
2
75
166
5
13
1
11
3
195
1
15
79
53
32
2
42
2
37
1
5
1
2
2
288
17
5
8
178
14
3
45
35
3
2
6
6
2
2
16
22
9
18
27
3
1
1
1
2
1
2
175
258
6
1
1
1
59
1
98
20
7
5
1
5
1
4
1
4
2
38
1
1
99
1
13
2
1
1
65
38
20
2
1
2
21
234
11
1
132
4
1
6
5
42
3
1
10
25
165
4
10
90
1
4
2
2
3
56
2
3
1
7
1
112
162
247
9
1
1
48
1
1
6
5
13
2
1
1
1
36
8
4
1
3
65
1
1
20
5
1
4
84
17
1
9
24
119
5
3
54
10
4
70
13
5
130
4
3
2
2
294
4
1
7
11
15
67
14
1
1
1
1
181
1
1
4
32
2
13
1
16
7
7
57
32
1
134
2
12
120
143
3
47
28
6
1
3
2
175
3
3
1
85
1
40
18
3
1
1
1
1
1
4
2
5
31
2
19
13
46
2
267
4
1
13
1
2
1
3
54
2
2
7
7
1
1
3
75
2
38
1
2
1
1
142
1
1
4
1
1
1
2
1
1
1
4
1
1
10
34
1
1
4
269
53
187
1
181
3
76
1
10
36
1
2
2
1
1
142
4
21
8
6
1
2
7
1
4
1
1
2
2
14
2
4
250
10
5
5
1
1
43
1
1
6
1
5
1
10
6
11
140
2
1
2
1
50
1
1
8
1
8
77
1
1
1
1
77
2
76
3
1
3
2
2
89
240
8
12
1
1
5
2
56
1
2
5
1
2
2
8
1
4
1
49
12
7
1
3
82
1
16
237
64
1
6
4
14
1
242
4
23
109
3
3
8
33
176
3
1
194
1
1
128
2
59
1
2
2
1
19
1
1
1
1
1
6
63
11
6
4
1
6
112
4
173
89
41
2
196
75
7
61
4
260
1
141
9
7
1
13
112
108
3
119
1
3
269
1
1
2
5
1
41
8
14
2
10
2
15
77
38
4
1
46
96
94
29
80
193
9
1
1
3
140
10
1
2
3
3
4
4
36
19
5
4
9
47
1
1
1
1
24
52
16
1
22
28
13
1
1
33
15
4
12
1
20
1
3
84
18
4
34
11
2
36
197
8
1
3
46
4
246
117
154
2
47
3
3
37
1
80
3
11
12
1
170
6
45
20
2
10
91
1
1
51
6
1
2
130
142
3
70
282
2
1
4
1
174
3
5
1
8
2
64
88
2
28
22
58
1
1
142
3
66
4
7
85
264
206
140
4
5
1
25
165
79
9
18
1
1
2
1
62
35
58
15
1
83
67
18
1
7
13
1
30
2
2
2
84
36
2
31
4
6
14
122
1
10
46
19
4
21
9
1
5
1
1
1
5
4
1
101
3
10
1
3
5
1
7
179
203
4
40
14
3
1
1
6
90
2
1
2
44
4
20
2
12
1
1
5
38
73
55
1
2
1
10
13
26
15
1
1
24
2
1
19
93
3
9
67
1
295
22
1
41
15
20
8
4
278
119
1
8
47
1
22
13
5
7
99
5
2
1
1
1
1
4
1
3
1
5
1
1
4
4
34
12
1
5
52
5
1
2
1
14
1
15
1
14
115
3
53
13
5
10
52
2
1
37
25
11
10
133
4
2
32
1
7
11
1
14
1
8
4
22
5
3
5
6
10
1
2
70
18
1
1
2
4
3
9
87
69
1
6
8
292
5
6
6
23
1
32
251
19
226
1
8
107
40
6
3
1
66
8
1
22
1
27
4
2
5
16
78
258
43
1
6
5
26
1
1
263
1
1
7
4
3
29
1
1
1
1
8
8
1
1
8
10
2
259
25
1
2
4
5
6
11
8
1
1
1
2
2
1
3
48
2
2
25
179
5
6
8
1
158
1
1
1
3
1
14
133
1
1
13
36
80
3
21
2
2
1
23
6
1
67
1
15
1
4
1
1
3
36
2
11
1
8
8
60
1
4
2
1
2
1
1
1
6
9
2
9
165
22
18
1
1
16
75
24
10
6
3
1
1
1
7
11
1
5
7
30
2
23
1
2
136
14
204
11
4
2
6
12
1
20
14
1
11
74
2
69
30
15
193
1
3
5
9
36
6
29
46
20
12
3
111
1
12
3
2
13
1
133
3
2
39
1
3
1
1
4
1
2
82
1
1
56
159
28
3
35
8
7
6
5
9
3
18
89
7
3
21
1
17
1
63
58
2
168
1
4
10
29
2
1
41
4
76
1
193
29
1
1
18
44
96
5
8
14
14
238
10
1
5
9
23
1
16
1
1
115
44
1
22
4
1
1
6
5
56
1
4
130
1
1
140
2
2
1
37
3
2
2
38
8
43
3
95
12
7
70
8
1
3
1
2
1
150
123
2
4
1
4
9
45
11
2
45
1
20
18
196
5
9
40
1
62
2
8
1
3
50
200
3
4
164
1
1
76
203
1
98
261
2
31
3
7
10
2
1
2
122
8
1
1
47
1
7
7
8
3
3
9
1
5
3
4
1
1
76
4
1
1
6
1
2
23
1
2
2
7
4
1
65
24
1
1
4
2
47
9
1
227
1
1
3
72
5
2
19
2
1
1
1
32
1
1
6
46
6
70
61
192
3
165
1
2
2
5
4
1
65
11
3
14
6
1
1
5
84
4
3
71
1
8
3
1
1
28
3
21
1
19
22
78
5
14
6
7
11
2
1
45
1
1
43
58
3
275
1
1
2
2
39
35
1
53
50
24
17
7
46
3
19
1
1
6
6
9
11
15
1
1
242
2
2
1
33
43
24
134
1
5
1
1
76
38
295
7
21
16
18
3
2
7
1
2
117
4
21
14
157
42
20
69
16
115
16
3
17
211
2
14
1
2
231
8
1
2
25
13
2
249
2
9
1
1
20
27
294
52
32
31
1
15
1
1
2
15
1
1
25
8
1
76
3
2
9
12
2
1
7
2
3
2
1
192
5
10
22
1
2
2
1
4
1
2
73
14
1
190
22
1
2
3
3
19
189
88
1
31
1
1
40
3
38
4
3
7
2
32
2
6
2
7
5
5
14
1
203
11
1
9
34
1
2
4
1
20
4
2
1
59
17
5
5
1
22
1
89
300
92
31
2
10
4
59
44
15
4
1
28
1
7
3
82
29
3
26
11
3
15
8
1
3
23
6
3
1
2
46
23
8
2
1
12
22
172
74
1
8
20
1
2
7
1
11
3
3
8
1
29
1
17
1
1
24
1
1
9
77
158
201
167
14
1
50
1
255
7
2
1
5
37
105
1
3
89
16
1
7
1
3
4
1
1
1
1
288
26
1
1
2
5
1
26
3
1
1
3
7
55
1
43
30
1
1
236
82
13
31
23
2
3
44
46
2
42
1
1
8
49
1
2
22
158
4
53
14
39
1
32
12
25
24
1
11
68
129
9
3
2
1
1
4
71
3
1
7
3
1
1
10
1
14
4
2
153
16
3
2
50
207
4
2
1
3
4
9
3
5
2
7
159
128
4
3
11
1
6
3
85
1
60
4
1
1
112
204
8
6
5
1
9
92
63
2
128
11
27
1
3
1
1
2
2
4
10
34
28
20
19
1
55
4
3
1
1
1
1
1
25
1
2
1
3
6
2
56
76
74
62
1
150
2
3
7
1
1
8
11
6
121
1
1
1
4
1
2
1
20
18
1
129
1
4
1
135
95
1
82
2
2
27
1
2
23
1
30
1
1
1
4
9
48
69
1
11
170
70
8
163
5
1
102
101
11
7
96
18
14
36
35
2
8
1
13
6
4
247
13
9
25
4
165
1
48
17
4
12
2
65
16
1
7
4
2
28
20
1
8
26
23
23
10
153
1
101
3
2
1
4
7
23
22
173
3
1
6
20
55
5
8
19
6
33
7
212
9
56
205
1
1
104
54
1
12
5
134
15
8
3
1
1
1
1
14
1
2
126
1
11
3
1
32
7
3
1
2
60
5
25
29
1
1
15
1
4
1
1
8
6
24
23
6
3
2
179
11
1
271
12
1
33
9
2
26
1
5
48
3
1
42
25
1
11
1
39
52
2
103
4
7
1
84
2
26
46
241
3
25
1
43
1
7
1
15
1
20
6
2
6
8
2
12
9
53
7
121
3
188
1
1
1
1
2
1
5
1
2
44
2
216
84
2
2
12
7
13
10
2
5
1
1
56
32
22
1
3
61
44
20
1
21
6
48
5
13
20
1
9
1
3
1
5
144
1
9
17
1
8
2
9
1
3
30
58
2
96
87
1
1
3
41
1
3
23
1
1
9
243
150
2
3
8
1
12
17
143
41
220
7
144
2
84
20
8
122
1
1
7
1
3
74
8
43
1
173
121
9
26
3
1
32
8
6
2
2
54
2
5
2
6
2
16
250
24
13
137
181
3
38
11
7
1
26
1
153
3
1
4
11
3
182
1
1
60
17
15
11
2
6
14
1
45
7
18
6
2
1
3
1
150
3
2
163
34
1
1
1
1
16
5
15
1
48
1
8
8
59
2
1
9
63
13
1
1
1
92
31
4
4
1
7
1
1
1
1
126
1
17
51
3
1
1
2
1
2
13
1
2
9
171
5
3
28
2
1
1
181
84
4
1
2
40
29
2
237
2
14
41
3
29
54
15
1
34
2
78
8
3
2
28
1
260
4
1
2
1
2
1
2
22
1
2
1
1
3
39
4
3
1
6
4
12
1
1
1
6
153
1
1
1
20
1
2
13
4
5
11
79
49
38
10
1
15
9
11
2
4
148
98
136
9
7
1
4
124
5
15
26
36
18
207
6
1
140
1
148
1
8
1
3
6
4
1
1
22
61
5
1
11
1
1
4
2
2
65
1
247
1
61
56
16
5
24
2
1
4
7
15
6
2
42
5
2
1
2
19
6
1
7
9
1
22
1
1
11
14
15
15
1
18
26
1
19
21
1
1
4
75
48
2
3
2
1
1
60
1
15
92
1
1
166
7
1
33
15
2
33
1
4
4
1
1
2
1
4
3
1
1
9
44
15
4
2
45
2
2
13
6
1
37
1
2
28
28
137
35
1
2
113
2
3
275
28
2
11
19
4
1
1
7
4
1
1
217
31
2
75
2
17
17
23
4
195
10
1
34
2
16
73
1
1
10
273
20
86
1
1
109
1
28
85
46
2
6
1
1
1
63
1
8
71
276
2
2
1
2
1
7
7
7
141
15
1
218
5
67
67
1
3
201
16
1
3
50
252
9
2
7
55
70
2
21
5
15
3
2
12
2
1
1
6
20
25
51
1
1
144
1
1
3
62
46
5
1
1
1
69
5
1
1
1
2
10
1
1
6
50
11
3
74
1
1
24
210
9
66
30
9
7
3
3
1
1
1
21
3
1
1
1
4
1
7
65
13
7
6
12
1
2
1
1
4
5
3
5
12
21
99
2
1
19
3
269
16
1
4
6
1
1
1
3
135
2
1
4
6
10
68
1
6
2
2
9
1
3
6
39
3
3
97
1
1
1
8
13
92
7
1
154
22
1
4
8
13
32
137
4
18
122
3
20
4
8
3
3
2
112
32
4
18
3
6
1
45
5
48
2
5
4
3
15
4
180
2
2
1
3
3
3
27
1
2
5
1
1
1
1
31
2
4
22
253
18
1
7
2
111
5
34
58
139
1
6
14
2
1
1
68
50
1
16
1
52
3
2
18
1
75
20
57
273
198
2
6
79
1
9
2
1
64
5
22
2
17
1
68
3
2
27
10
13
26
2
298
2
3
17
3
1
22
3
2
2
1
3
9
13
5
8
11
4
6
182
2
1
22
105
3
74
4
24
1
66
1
2
168
2
13
25
25
14
15
1
19
1
47
18
12
39
44
126
78
106
11
3
3
1
5
2
288
1
1
10
1
2
257
2
1
3
4
3
1
13
68
6
4
5
34
46
1
48
1
39
7
3
55
1
21
3
12
1
23
7
1
4
5
1
4
1
2
4
45
12
1
1
2
1
18
1
10
15
13
10
18
10
2
1
20
2
2
2
189
61
108
51
5
8
2
1
146
21
8
93
165
1
3
2
15
6
131
5
1
18
1
1
7
2
105
83
32
1
1
22
92
6
33
5
57
40
67
3
42
3
13
7
4
3
38
1
4
172
64
119
289
1
188
1
1
33
1
26
25
2
4
1
158
1
19
154
90
1
1
3
4
5
275
141
2
4
1
133
5
17
40
6
6
257
1
12
4
2
24
77
1
4
1
1
1
2
243
3
4
11
8
30
6
28
72
1
76
1
1
4
1
15
1
2
122
144
72
2
3
1
69
3
9
36
1
39
2
8
2
3
133
7
115
1
37
1
4
4
6
2
117
1
3
1
39
1
11
1
1
23
1
54
1
4
58
99
49
2
120
1
9
55
2
7
210
74
6
60
248
79
1
1
1
2
238
3
9
12
4
31
2
3
112
4
30
118
111
88
77
274
274
1
18
2
54
1
1
257
1
24
1
1
26
2
2
67
26
1
74
2
274
1
4
29
1
114
6
1
50
4
22
1
8
42
3
25
1
1
5
1
2
175
1
28
14
2
1
1
7
4
26
1
232
1
1
52
7
10
6
1
7
1
10
1
6
2
1
1
77
2
1
1
3
3
4
1
209
1
248
5
11
8
2
3
22
52
12
1
6
1
2
110
3
2
16
1
31
4
3
2
1
2
257
3
92
15
1
5
4
1
1
39
2
4
14
2
2
88
5
2
5
3
4
3
1
26
3
20
3
61
4
1
1
4
25
16
56
37
19
33
237
17
7
84
1
3
20
1
7
13
14
168
26
62
1
2
15
27
13
2
73
31
1
2
30
1
59
7
2
12
1
127
3
92
1
10
53
1
2
86
1
5
5
70
41
7
17
106
7
104
2
1
207
7
4
2
12
1
2
1
17
1
14
12
234
16
184
1
1
1
1
3
206
31
4
5
50
1
2
1
29
1
2
6
3
93
31
48
4
28
1
10
48
1
4
1
3
3
9
2
65
19
22
34
1
217
1
12
10
12
2
1
131
30
6
101
13
35
1
33
1
1
147
4
2
1
117
1
239
10
15
118
5
2
1
37
3
1
10
3
49
1
62
112
3
12
1
50
1
4
45
16
10
242
1
15
1
1
2
58
13
1
29
8
17
2
12
202
19
10
6
113
1
172
51
1
23
1
273
13
221
37
211
3
101
1
36
1
1
45
14
2
197
5
3
13
2
2
194
3
12
12
1
41
7
5
1
3
29
36
46
2
7
4
1
1
12
8
243
18
21
1
1
6
1
17
9
1
3
3
10
3
40
4
2
33
10
2
4
13
1
2
131
2
3
10
8
12
1
5
28
3
8
4
18
1
211
40
71
7
2
39
2
1
1
6
5
1
4
2
1
2
203
1
4
4
34
6
245
83
1
1
2
27
8
38
4
164
1
21
2
14
3
3
64
39
9
12
6
1
46
288
4
5
2
2
2
5
1
8
1
1
1
6
2
2
1
1
136
11
4
12
2
1
5
1
96
1
105
229
33
36
2
29
84
2
10
1
2
98
12
8
12
1
2
240
2
1
1
83
66
23
23
161
2
97
24
8
2
1
26
17
26
12
1
3
61
5
64
17
12
292
5
156
2
270
8
4
2
1
8
1
26
73
2
42
2
108
8
233
3
5
3
1
1
10
55
5
4
1
5
12
1
4
15
1
18
3
2
4
1
5
2
7
18
1
5
3
3
3
5
8
28
17
1
3
95
1
134
86
11
77
3
2
37
6
11
3
2
101
10
2
17
67
6
9
38
1
28
57
2
3
4
1
16
17
244
1
6
87
59
216
206
2
89
1
11
25
2
1
12
7
1
19
1
199
7
36
159
11
9
2
14
1
1
28
2
2
1
14
3
1
1
5
26
1
57
42
6
12
17
2
1
2
1
26
57
21
16
5
3
20
1
5
2
7
39
1
8
2
1
10
44
58
4
4
47
15
1
1
1
2
2
1
81
5
1
1
3
198
30
2
113
3
17
14
3
1
15
115
34
57
3
96
6
41
7
3
123
3
18
6
2
8
16
1
11
3
77
7
4
1
3
9
136
22
1
46
124
22
29
77
53
95
11
18
2
1
3
179
4
10
2
11
2
1
1
9
5
4
1
4
1
146
7
5
15
105
18
2
1
13
7
133
1
11
1
2
1
13
1
51
20
31
1
1
4
14
2
1
109
23
1
60
1
1
2
2
30
3
79
1
1
2
2
1
1
5
6
1
76
4
1
11
31
1
138
3
46
16
10
144
5
156
2
3
2
1
280
12
1
1
9
5
3
43
273
6
6
2
62
1
8
7
44
1
1
1
3
2
2
3
180
23
11
8
19
89
2
6
1
7
1
5
91
9
240
10
3
3
2
1
48
2
206
15
10
4
14
1
131
53
5
30
30
1
3
3
4
3
91
1
10
1
1
1
9
9
1
37
6
1
74
6
19
115
112
37
11
237
1
6
2
1
1
45
1
3
2
1
1
4
3
1
1
3
36
115
1
55
54
1
1
1
2
16
1
1
2
16
6
37
21
8
35
27
8
13
5
1
1
1
2
9
7
185
17
17
7
1
1
6
4
10
4
1
21
1
30
1
142
4
162
1
1
20
2
1
13
3
173
28
5
3
249
58
5
6
22
1
239
254
2
2
17
8
3
7
1
43
1
5
294
1
22
1
1
34
42
2
78
105
2
1
1
22
11
1
1
168
7
1
6
1
2
179
2
65
4
1
11
75
275
199
1
16
8
27
31
21
58
2
11
19
83
2
159
8
1
12
18
33
1
14
100
6
107
1
35
15
233
54
7
1
4
96
2
4
94
180
1
1
3
237
33
2
2
1
44
3
1
5
2
7
1
2
17
65
1
3
2
1
4
28
12
1
1
1
5
7
14
1
1
1
6
1
15
4
1
14
1
122
131
2
2
4
194
10
43
4
1
6
257
2
3
1
156
2
5
21
1
13
10
55
3
1
5
1
4
92
5
2
5
45
11
1
9
135
54
1
1
28
51
35
1
52
3
3
1
2
1
1
7
3
3
2
1
66
1
10
28
1
3
26
16
106
13
9
22
1
8
258
23
7
180
186
33
62
46
14
2
3
23
148
2
12
9
14
4
8
1
17
53
147
1
62
3
10
1
158
21
15
1
283
57
15
2
6
5
11
2
25
2
18
1
17
5
18
175
28
2
1
1
1
200
2
1
133
3
5
2
96
251
1
1
8
63
2
274
19
266
8
1
20
14
3
56
11
7
30
15
12
2
4
3
1
17
2
1
21
5
1
1
5
2
173
3
3
40
3
2
5
14
96
30
16
1
68
2
17
15
47
1
10
10
1
1
2
2
2
1
7
2
113
78
127
3
60
59
145
7
6
2
1
1
1
23
28
11
8
129
3
62
20
1
1
1
10
2
1
25
7
73
71
2
2
21
2
2
20
5
11
1
5
126
7
22
13
177
1
1
17
198
1
1
5
14
3
4
6
28
1
104
78
18
1
1
14
129
134
9
2
1
55
3
1
5
157
35
26
33
3
14
91
5
1
6
22
97
25
3
11
4
4
1
1
2
4
6
2
55
1
1
4
16
2
136
30
1
4
153
27
5
5
1
46
3
84
2
11
1
4
2
1
28
1
2
213
1
8
15
2
4
2
10
1
1
4
11
6
54
2
1
2
43
15
7
1
1
6
95
10
1
1
9
35
10
1
9
1
2
9
4
59
1
24
1
22
2
21
1
3
15
14
1
30
82
58
1
2
289
1
1
49
13
12
17
7
132
2
7
2
3
8
3
171
1
31
5
13
146
11
6
2
3
5
3
1
1
1
4
81
1
2
2
25
37
3
13
1
56
3
10
4
1
5
2
88
100
31
2
5
12
3
1
35
7
36
1
1
8
2
19
19
1
1
42
1
9
1
276
3
3
52
15
13
36
160
83
1
16
57
2
1
1
3
1
19
4
23
3
1
196
8
1
5
232
1
84
83
2
1
1
59
7
2
26
4
1
6
55
16
72
3
10
4
3
1
17
17
5
100
6
2
14
9
2
2
1
71
5
154
16
1
95
1
5
231
6
5
14
126
44
34
1
17
1
13
4
1
1
17
4
32
1
10
10
11
164
24
2
1
1
1
9
2
11
9
2
118
1
4
1
1
1
20
170
7
18
1
1
1
3
24
88
1
21
65
1
3
2
2
23
50
6
8
32
1
20
2
1
49
144
1
8
5
2
3
6
1
2
4
3
1
4
1
99
6
62
171
139
1
58
181
4
37
24
243
54
13
1
184
58
5
1
22
151
41
4
22
1
115
1
1
14
251
1
6
4
123
18
2
164
1
1
2
1
6
2
2
4
3
1
1
77
37
1
1
1
7
12
151
1
7
3
3
3
31
90
1
3
1
99
2
1
18
149
1
3
36
48
15
3
1
1
1
1
3
2
1
26
3
41
20
182
2
5
117
168
14
111
1
14
1
5
31
1
69
2
8
4
2
1
3
3
15
1
2
1
165
208
2
51
34
59
20
229
12
1
1
28
7
226
10
145
13
35
1
3
1
2
4
1
1
1
3
1
28
2
2
4
73
2
4
20
1
2
1
106
20
223
1
11
7
153
8
1
1
2
6
1
1
3
54
1
5
5
1
10
38
2
2
4
41
11
1
8
66
159
2
1
35
1
57
2
17
2
2
6
245
12
15
12
1
118
9
1
6
10
53
4
1
72
2
35
122
13
3
93
7
3
8
1
7
2
25
3
5
6
1
1
18
4
3
6
1
134
1
1
66
3
30
96
3
10
201
1
8
5
4
4
1
2
1
4
1
4
9
78
3
16
10
2
5
1
22
1
1
1
1
1
7
13
1
2
23
63
1
2
1
2
47
1
2
1
41
1
223
2
1
1
34
28
4
1
11
9
116
33
1
34
15
3
4
1
20
68
69
2
6
261
111
1
242
2
1
1
20
10
9
8
4
293
85
1
249
1
1
24
7
39
1
114
7
26
1
47
3
171
1
1
1
8
57
12
2
2
1
1
3
3
22
16
23
7
57
2
4
1
1
77
66
9
2
211
1
10
115
291
69
34
176
4
112
2
1
3
265
1
1
6
199
141
3
1
1
14
48
1
48
4
274
1
1
10
33
30
11
9
16
4
1
3
10
103
10
1
49
49
4
4
46
16
182
1
3
166
37
1
2
32
2
2
15
36
165
2
1
8
1
2
2
7
1
2
122
1
4
1
5
101
15
9
1
132
5
5
7
4
93
5
24
1
52
80
18
27
79
9
79
6
2
15
2
15
25
6
43
1
191
55
1
1
1
4
31
125
5
1
47
48
7
188
4
1
1
1
1
1
6
11
120
36
1
113
1
3
133
1
5
6
22
208
2
246
6
1
1
7
11
13
56
1
7
7
1
10
9
1
9
1
31
12
21
19
1
11
58
1
1
2
4
5
21
66
9
10
1
23
8
1
2
8
10
19
1
7
276
20
1
1
9
4
1
4
19
272
161
5
9
1
1
20
2
11
2
27
10
1
29
1
42
1
29
34
3
25
2
2
13
1
1
1
6
4
1
1
1
257
1
29
2
5
134
152
1
86
2
28
5
1
1
1
1
5
1
1
1
40
1
26
6
1
2
3
1
1
7
56
21
83
23
3
1
1
2
271
98
133
1
3
1
35
1
1
1
1
9
5
85
1
6
12
18
6
3
9
4
1
2
18
2
24
52
6
9
24
5
8
63
26
40
37
118
2
2
5
3
61
6
2
10
2
1
1
2
17
7
10
15
36
6
5
2
2
1
36
4
5
23
30
1
2
3
2
3
7
1
160
4
2
3
2
2
216
3
4
1
5
3
144
1
11
3
1
17
6
1
1
1
15
1
5
2
4
1
38
63
1
9
1
260
2
3
14
1
61
5
1
3
1
1
5
4
2
1
10
4
1
22
3
76
1
63
58
114
38
17
47
1
1
1
2
2
8
5
1
6
290
98
16
4
7
52
61
18
178
3
5
7
2
4
1
4
1
91
1
3
1
2
11
2
1
2
4
1
1
1
1
4
178
1
1
10
1
1
21
26
10
56
8
2
1
3
1
246
3
35
1
95
74
9
30
51
1
1
3
1
1
2
4
1
3
1
3
2
5
2
91
2
1
26
3
37
1
1
11
138
1
18
1
1
1
4
7
1
4
1
6
2
1
1
1
2
3
4
168
1
7
1
9
2
38
19
13
31
1
1
207
9
13
131
5
5
1
2
4
16
121
22
2
1
2
6
1
1
4
33
9
5
1
50
4
9
2
1
1
4
5
1
8
2
263
12
28
24
42
1
119
5
2
1
1
1
32
7
244
1
4
7
137
1
6
18
4
1
37
5
2
95
2
168
6
1
2
1
30
1
20
59
2
37
2
2
4
7
2
1
1
9
29
1
2
2
7
80
62
2
17
5
20
24
1
54
1
7
9
12
14
2
1
2
2
7
2
4
3
1
3
94
2
6
1
2
3
1
1
22
1
9
13
11
31
1
63
62
186
1
1
8
30
2
1
1
15
2
1
15
1
49
3
81
197
93
1
11
13
54
3
6
2
15
2
7
46
5
5
3
29
249
11
1
1
8
228
3
5
7
4
40
1
227
3
17
7
2
62
1
23
9
24
1
1
7
1
172
2
2
48
1
3
4
32
2
42
30
1
284
3
3
1
5
1
12
1
1
2
1
11
13
10
2
53
1
3
143
76
1
6
1
1
11
11
2
10
83
6
1
1
6
1
1
2
108
3
2
35
31
129
3
35
1
10
4
163
2
139
20
143
85
13
1
48
9
14
3
30
7
113
1
3
166
67
26
14
1
10
1
6
1
228
15
1
2
3
1
12
57
5
4
5
3
2
1
8
2
5
2
18
46
3
1
7
26
2
7
18
2
1
30
21
169
4
1
26
3
28
1
122
1
43
70
1
3
5
8
3
249
5
15
32
7
155
5
1
4
5
3
18
18
14
1
10
14
27
2
1
2
5
12
1
6
12
34
1
1
1
49
3
1
29
8
1
1
12
20
1
91
1
83
7
20
29
4
1
8
128
34
17
1
16
1
1
52
60
2
1
15
2
5
6
13
2
4
1
1
1
12
2
1
9
17
3
186
2
1
1
1
3
2
274
1
51
95
2
10
1
69
3
1
1
5
5
1
33
7
1
29
9
8
88
1
1
107
275
66
12
28
2
4
34
3
5
81
3
136
1
1
4
4
5
14
1
1
29
1
19
5
34
1
185
24
6
82
17
53
11
65
56
7
4
2
1
1
8
169
3
144
30
6
1
1
75
16
1
6
195
1
2
1
14
1
297
1
18
15
25
1
2
1
1
101
9
9
269
2
1
48
25
10
4
1
1
1
5
62
5
3
1
3
242
1
1
292
190
284
1
3
11
1
16
13
1
2
85
247
294
1
2
1
35
136
12
9
2
2
145
142
10
31
1
13
2
55
1
90
7
1
13
1
45
6
4
2
136
3
23
3
1
2
166
3
1
26
1
3
1
1
116
1
2
2
2
30
4
80
124
109
46
1
17
22
2
99
15
57
9
6
1
38
1
206
189
1
1
7
275
1
1
64
13
3
5
10
1
141
11
55
39
1
2
7
2
9
8
1
1
14
2
1
34
3
1
272
2
17
14
155
7
56
10
80
1
23
34
69
3
81
8
1
1
1
39
35
9
1
1
108
2
3
71
1
1
1
1
3
1
120
28
3
6
24
1
3
24
1
1
5
39
15
31
16
4
1
2
16
171
1
216
1
10
61
1
5
1
3
32
2
71
7
4
11
26
4
1
23
2
1
48
38
15
1
1
126
8
2
1
2
109
4
1
1
1
7
10
27
3
5
17
12
7
1
1
5
9
1
1
3
1
2
1
6
1
7
1
1
2
1
12
5
13
34
1
2
47
27
1
5
215
2
40
3
126
11
25
11
1
12
25
1
1
57
2
5
7
110
9
105
2
2
25
1
2
218
21
11
91
2
5
9
5
65
2
7
26
6
28
2
17
3
2
2
1
2
168
4
10
81
14
200
18
7
1
5
25
45
54
10
1
5
3
93
100
204
65
1
75
6
14
1
7
72
2
1
173
3
36
3
1
259
2
1
22
12
9
37
2
61
3
32
1
3
1
1
12
139
103
24
4
6
76
1
2
1
1
1
1
3
1
4
1
7
5
1
1
17
137
19
11
41
6
174
3
1
2
113
1
2
6
43
9
143
36
10
1
5
73
56
7
135
2
2
277
1
8
66
3
4
4
1
5
54
4
1
72
3
1
55
60
253
157
3
1
1
1
4
14
1
1
1
32
2
72
2
1
4
26
14
1
1
9
2
220
121
12
11
4
4
12
2
5
2
52
7
47
4
1
2
2
8
1
1
1
1
33
1
172
3
7
44
30
1
1
1
6
13
17
2
2
32
11
1
1
178
16
206
5
1
3
8
12
85
28
45
40
78
26
1
14
1
15
6
1
12
166
9
1
9
285
204
29
32
2
1
30
15
61
1
1
6
8
5
9
2
1
15
10
4
87
11
154
6
1
2
50
5
5
2
46
238
6
61
2
1
69
191
17
96
10
14
1
23
10
1
2
154
53
48
1
1
18
1
18
40
31
5
12
46
9
23
6
1
12
18
3
3
8
1
1
18
1
9
1
18
68
2
1
98
98
2
11
3
1
196
1
9
10
129
3
124
10
3
1
1
25
137
13
5
17
2
1
3
1
10
8
9
1
110
2
29
13
41
48
37
11
1
13
1
1
11
157
5
2
9
30
1
16
3
4
3
9
5
1
1
1
1
6
3
1
261
11
17
2
63
2
75
57
27
245
1
1
104
6
60
37
15
2
151
2
1
2
243
20
4
19
1
1
13
18
17
3
12
15
12
3
2
95
13
1
1
2
1
76
3
5
12
2
6
1
6
2
9
1
20
65
3
2
43
1
42
1
61
13
15
15
48
16
3
1
8
9
7
1
26
5
6
1
185
7
2
1
1
4
111
4
40
1
32
29
88
73
8
49
1
1
4
117
26
29
2
48
5
3
275
1
1
100
1
2
4
37
4
78
224
16
1
9
4
4
8
1
2
104
1
8
4
161
270
2
1
166
77
2
91
9
1
2
5
1
21
29
266
249
4
42
7
4
3
1
31
1
1
1
1
2
11
1
17
1
2
1
1
4
5
8
1
129
8
41
5
1
5
20
3
2
1
1
24
1
9
1
2
1
77
43
1
3
26
2
8
158
17
4
2
59
1
58
2
1
1
68
3
12
2
3
1
2
10
11
5
46
3
5
26
2
1
1
1
2
2
1
6
7
2
2
21
13
2
82
2
31
270
2
31
176
3
1
2
1
7
6
3
145
1
1
1
2
268
2
1
42
40
1
26
1
14
43
3
6
9
3
2
109
3
4
1
5
30
2
66
13
1
1
3
1
24
1
6
25
1
37
56
141
2
3
1
1
9
60
3
1
6
17
1
1
24
1
107
2
7
1
3
5
1
4
244
2
10
47
2
18
13
15
2
115
1
11
75
1
1
1
10
100
55
9
6
15
54
6
4
11
4
7
9
3
14
1
1
12
64
2
2
48
2
22
45
2
1
5
6
2
6
4
51
5
174
9
13
1
1
7
26
152
4
3
10
6
4
2
5
1
2
131
143
47
1
43
6
5
3
35
4
2
7
1
3
37
1
34
21
1
220
124
35
176
10
1
1
23
27
47
4
34
2
50
2
17
1
2
1
6
105
8
16
1
2
68
8
25
189
47
56
92
10
56
3
1
1
49
4
5
1
1
7
113
43
300
1
3
33
1
5
162
1
1
5
4
1
3
1
77
3
9
2
30
2
6
172
2
1
1
7
6
2
7
222
36
2
3
3
9
11
2
68
3
15
11
20
67
7
4
1
5
6
1
1
1
145
1
1
2
9
84
1
4
38
4
3
4
14
23
14
1
1
1
34
2
2
2
1
37
28
105
2
99
2
2
1
3
139
3
7
81
1
1
56
1
1
18
5
9
1
1
1
1
14
158
77
3
29
3
3
2
238
4
5
1
127
4
1
16
283
5
8
1
1
278
267
1
249
12
81
22
102
1
2
2
11
1
191
3
18
14
3
4
185
36
16
9
1
17
9
12
5
179
118
2
1
53
46
27
2
1
1
9
1
33
5
180
9
150
10
12
139
8
1
43
34
73
115
5
76
1
8
53
4
3
3
2
1
11
1
2
1
2
1
2
1
1
1
1
10
64
70
6
12
4
1
2
204
8
12
6
5
3
8
193
1
1
188
202
31
2
1
1
3
76
7
6
1
58
1
237
22
4
18
1
46
10
5
122
13
43
4
1
1
22
7
1
48
11
1
103
32
1
1
34
13
17
1
1
7
1
1
2
1
124
16
1
1
1
6
8
7
47
5
49
25
2
39
23
3
1
1
2
64
6
73
1
3
15
1
13
1
4
2
1
1
12
10
21
4
155
54
233
1
225
24
22
2
2
7
1
3
1
9
162
236
265
2
16
9
25
89
4
7
5
99
9
27
22
1
15
1
1
1
6
6
87
71
4
2
1
6
1
11
1
7
1
22
136
2
11
68
1
1
2
2
24
163
1
2
110
38
5
172
13
9
2
15
44
14
3
2
20
3
107
2
5
1
89
3
6
3
2
4
1
1
1
5
6
3
5
32
60
16
2
30
1
1
2
250
1
179
6
3
1
40
9
1
2
125
209
34
3
16
30
1
6
2
3
22
13
1
1
175
4
134
31
62
257
1
16
18
2
69
13
3
1
9
30
22
58
4
118
1
22
5
1
70
6
1
3
69
1
4
188
28
1
2
66
18
1
5
43
8
1
1
79
9
7
2
24
1
28
2
1
2
161
5
3
35
100
204
3
24
11
20
7
1
2
2
8
1
2
127
11
5
1
25
60
1
20
1
2
1
284
1
35
2
195
4
41
19
3
23
74
1
11
58
2
47
1
1
5
68
1
2
57
48
1
1
176
6
2
229
1
1
21
78
1
1
3
36
14
2
6
1
1
8
10
67
5
1
204
1
1
25
90
20
23
190
11
1
122
13
1
6
77
2
2
17
22
3
7
2
1
4
152
